107251
123573
115678
53305
115679
154270
128591
97026
115683
29588
97036
140232
140233
132949
133048
97027
128592
97028
97030
97031
97032
97033
97034
97035
48283
48307
97029
48284
48286
48287
48288
48289
48290
48291
48292
48293
48308
48309
48310
48311
48312
48313
48314
48315
48285
190821
190822
97037
102562
23220
100916
193361
100917
131160
109055
193362
41041
41621
84577
46763
46764
46765
46766
46767
46768
131161
131162
128590
128594
45942
132948
128596
128597
84580
48696
51300
84578
26624
22869
110541
110826
110828
110829
118582
85447
26421
26525
100911
100912
195990
195992
195994
195995
195996
195998
195999
196000
196001
196002
196003
196004
196013
196014
110542
110543
110827
100719
118584
131376
29649
41433
41434
129237
129238
129239
129240
129241
129245
129246
129247
195991
195993
195997
196005
196006
196007
196008
196009
196010
196011
196012
63813
63814
63815
129243
79088
118583
187950
89247
89249
89250
89252
53029
69751
89248
195762
74056
113128
124522
124523
124523
131378
131379
131381
131382
131393
131394
140252
140254
140256
186466
53311
53313
74128
97305
79971
89343
182504
182507
53021
53025
53042
61718
89253
182508
193727
83916
131377
53022
53031
53033
53034
53035
53038
53043
53044
69758
69760
69761
170158
182505
182506
191831
191832
191833
191834
53030
53045
53046
51486
51489
69757
127674
74126
26489
51488
106999
69753
20871
35133
1235
104399
112241
112242
102961
159597
165107
173136
173147
171200
171201
196721
35107
35109
112240
190614
185973
102960
149341
173124
185971
185974
185975
185976
59217
59218
19182
19184
42875
31392
31393
66150
14467
89579
89580
52137
47924
47925
47926
47064
47067
47068
59217
59218
119817
119818
122004
122006
159596
165477
165478
160911
133446
133765
75477
64045
53136
53137
53225
65568
18877
19183
26599
25088
25089
25092
27397
44505
42876
63803
63804
63805
63806
63807
63808
63809
63810
63811
63812
64882
86462
86463
126971
126988
47927
46884
47066
47069
47070
47071
47070
47071
47072
47073
47074
47075
119022
119023
119024
119025
119026
119027
119028
119178
119179
119180
122013
157988
165479
174353
184860
53026
53120
53135
53141
60673
60675
53528
18987
19980
44566
24378
25087
62729
63816
63817
63818
63819
63820
63821
63822
63823
63824
63825
105600
105601
105602
84451
84452
84453
127051
105601
105602
105600
84451
84452
84453
84454
84455
84456
84509
85709
85710
138591
138594
172594
174503
157987
162558
161875
187620
187621
174725
174726
135088
115674
196184
197582
197583
67874
19977
19981
61685
61937
60580
60674
62730
24584
24585
50333
50334
50724
50725
50726
52993
53002
53014
53019
53020
53023
19981
73948
44560
44561
44562
44563
44565
81013
81016
81017
82041
79008
79435
24584
24585
62730
50333
50334
112486
112509
86846
84510
84511
88915
88916
88917
88918
88919
88920
88921
88922
118230
118231
118232
118233
118234
118235
118236
118237
118238
118239
118240
118241
118242
118243
124386
123290
123291
99246
102814
118241
118242
118243
123290
123291
121150
132700
107266
84510
84511
138592
138593
139340
139341
139342
139343
184683
155342
172482
174519
159396
159397
159398
159399
159400
153515
157989
163691
188896
188897
187622
175594
72650
72651
196071
66593
19982
17430
61928
60574
60575
60576
60577
60578
60579
60581
60582
60583
60584
62454
60575
60576
60577
60578
60579
60581
60582
60583
60584
61928
19982
17430
73741
73805
44564
78559
79007
79436
24549
62454
62456
66593
111269
86167
87263
87689
88914
125823
125824
125825
125826
125827
125828
125829
126077
118244
124387
124388
124390
123286
123287
123288
123289
126209
126210
126211
91226
91227
91241
49764
60578
60579
60581
60582
60583
60584
61928
62454
62456
118244
123286
123287
123288
123289
121149
154882
159394
159401
162789
162067
159933
159934
180215
169694
169695
169696
169697
169698
169699
179278
175591
174080
174504
172321
132699
132701
136521
131106
133833
196072
196182
199763
74492
73742
73142
52990
53007
53011
53027
53529
49652
49653
49654
49656
49657
49659
49660
49666
49667
49668
49669
49670
49672
49684
49688
49689
49692
49695
49696
49697
49699
49700
49701
49702
49728
49729
49730
49731
49732
49733
49734
49735
49736
49737
49738
49739
49742
49743
49744
49745
49748
49749
49750
49751
49752
52990
53007
53011
53027
48968
49739
49742
49743
49744
49745
49748
49749
49750
49751
49752
91228
91229
91230
91231
91232
91233
91234
91235
91236
91237
91238
91239
91240
91242
91243
91244
91245
60555
60556
61929
61930
61934
62455
62731
122082
159407
159409
159410
159411
180015
180214
165415
154011
154077
175595
174099
174100
173045
132698
136918
180015
173045
175595
174099
174100
196185
185907
185967
186270
186299
59548
61931
61932
61933
61936
17723
64146
74228
73743
73744
73745
73746
73747
73748
28135
55176
111271
111419
89754
85732
97425
100722
104552
48971
45970
45971
45972
45973
45974
45975
45976
45977
49655
49658
49661
49662
49663
49664
49665
49671
